$ANSIBLE_VAULT;1.1;AES256
33633739656337326661336136643264393565323536396361326263353461366132643938316362
3163393038383739393938303833333337656239623563660a343634653833353630363664313766
35393763616533616433316565623865643733306665356366353935633630363737393165633262
3130306365633530660a326435643532343935316430623661393763353533313861623161316435
35343633303331353965636162313866663137636163323038366562666232353764306538656464
31393937633561666332323339303664363262653734343463376162333438326366623264393635
31653030616332313135666366626639633332653233613038373834393963636361346366366261
62373432353030393964663433633662313330343432346234376431303032613262326236326134
32313338386336323234393134303238613532383235316638303265623931366433396335666137
39636334633131373235643737626261363463386434333436326530356337396434653539346264
31333165663432363965333262656465656338383235336436636166323332376663363364353135
65333934613036363963373663663831306637316132383366363736386230623533383537376338
31383230393332656137373236663065633166353733306538346132353831623161306362643961
34383238356431623433376631336534636236316538616166373235653834666533343333313239
31653164656232343133626533303939346637643561653931656334343434366235376137366235
39393766636431623938666236353530323335353762343836656630353331376138623361366537
62613963393138313761333037396537613962356264386161313435343266363163323265623362
33313739653538376230393339643730616161653965396232393930613062383439346138613133
30393634376361396633663761343963303539646363656131313137643861346234326639663763
37343331373130633562323363653665383763616236383732333231393139353331303063376162
38663832623438633364396330616261633534323261653636303563326237303934373034346565
65373039376539333036386365303836666664656234623566353862376637663630626433656661
38343936343337663366343363336537373236353135633939326338373664306230356261343361
30633263386234666237363235366434356337653731633866343663626363383331353639366232
38346532363461303132333366313366636261646232396661343933353061663637646436373337
3830653535373834373930313761666132303763633835623632
